1201126.000000
1201729.000000
1202333.000000
1202940.000000
1203549.000000
1204155.000000
1204761.000000
1205368.000000
1205974.000000
1206582.000000
1207185.000000
1207785.000000
1208383.000000
1208979.000000
1209573.000000
1210164.000000
1210754.000000
1211343.000000
1211930.000000
1212516.000000
1213101.000000
1213687.000000
1214272.000000
1214857.000000
1215442.000000
1216028.000000
1216614.000000
1217201.000000
1217788.000000
1218377.000000
1218967.000000
1219557.000000
1220149.000000
1220740.000000
1221333.000000
1221926.000000
1222519.000000
1223113.000000
1223706.000000
1224299.000000
1224893.000000
1225489.000000
1226084.000000
1226680.000000
1227275.000000
1227873.000000
1228470.000000
1229067.000000
1229664.000000
1230262.000000
1230859.000000
1231457.000000
1232054.000000
1232651.000000
1233251.000000
1233850.000000
1234450.000000
1235049.000000
1235650.000000
1236251.000000
1236851.000000
1237452.000000
1238052.000000
1238652.000000
1239253.000000
1239851.000000
1240447.000000
1241044.000000
1241641.000000
1242237.000000
1242833.000000
1243429.000000
1244027.000000
1244624.000000
1245220.000000
1245818.000000
1246416.000000
1247015.000000
1247613.000000
1248210.000000
1248806.000000
1249402.000000
1249997.000000
1250591.000000
1251184.000000
1251777.000000
1252370.000000
1252962.000000
1253554.000000
1254145.000000
1254736.000000
1255327.000000
1255918.000000
1256509.000000
1257100.000000
1257693.000000
1258286.000000
1258880.000000
1259474.000000
1260068.000000
1260664.000000
1261260.000000
1261855.000000
1262449.000000
1263044.000000
1263637.000000
1264227.000000
1264818.000000
1265410.000000
1266000.000000
1266589.000000
1267178.000000
1267766.000000
1268355.000000
1268944.000000
1269533.000000
1270122.000000
1270713.000000
1271304.000000
1271897.000000
1272487.000000
1273077.000000
1273672.000000
1274266.000000
1274859.000000
1275452.000000
1276045.000000
1276637.000000
1277231.000000
1277823.000000
1278416.000000
1279008.000000
1279601.000000
1280194.000000
1280788.000000
1281384.000000
1281978.000000
1282573.000000
1283169.000000
1283766.000000
1284361.000000
1284959.000000
1285558.000000
1286155.000000
1286752.000000
1287349.000000
1287947.000000
1288544.000000
1289141.000000
1289738.000000
1290333.000000
1290930.000000
1291525.000000
1292121.000000
1292719.000000
1293318.000000
1293915.000000
1294514.000000
1295113.000000
1295713.000000
1296313.000000
1296914.000000
1297513.000000
1298113.000000
1298712.000000
1299312.000000
1299912.000000
1300512.000000
1301113.000000
1301712.000000
1302311.000000
1302912.000000
1303516.000000
1304118.000000
1304721.000000
1305323.000000
1305926.000000
1306530.000000
1307134.000000
1307740.000000
1308345.000000
1308949.000000
1309555.000000
1310159.000000
1310763.000000
1311369.000000
1311973.000000
1312579.000000
1313184.000000
1313789.000000
1314393.000000
1314998.000000
1315603.000000
1316207.000000
1316813.000000
1317418.000000
1318024.000000
1318629.000000
1319234.000000
1319841.000000
1320447.000000
1321053.000000
1321658.000000
1322265.000000
1322871.000000
1323478.000000
1324088.000000
1324696.000000
1325306.000000
1325915.000000
1326525.000000
1327135.000000
1327744.000000
1328355.000000
1328965.000000
1329575.000000
1330184.000000
1330793.000000
1331401.000000
1332011.000000
1332620.000000
1333230.000000
1333841.000000
1334451.000000
1335060.000000
1335671.000000
1336283.000000
1336894.000000
1337505.000000
1338117.000000
1338729.000000
1339340.000000
1339952.000000
1340565.000000
1341178.000000
1341789.000000
1342401.000000
1343013.000000
1343624.000000
1344236.000000
1344848.000000
1345459.000000
1346070.000000
1346682.000000
1347293.000000
1347903.000000
1348513.000000
1349122.000000
1349732.000000
1350341.000000
1350948.000000
1351556.000000
1352166.000000
1352775.000000
1353382.000000
1353992.000000
1354602.000000
1355214.000000
1355823.000000
1356435.000000
1357047.000000
1357659.000000
1358270.000000
1358884.000000
1359497.000000
1360109.000000
1360721.000000
1361333.000000
1361944.000000
1362553.000000
1363163.000000
1363774.000000
1364384.000000
1364993.000000
1365601.000000
1366209.000000
1366818.000000
1367427.000000
1368035.000000
1368645.000000
1369256.000000
1369866.000000
1370478.000000
1371091.000000
1371704.000000
1372319.000000
1372933.000000
1373548.000000
1374164.000000
1374778.000000
1375391.000000
1376003.000000
1376617.000000
1377230.000000
1377844.000000
1378456.000000
1379067.000000
1379678.000000
1380289.000000
1380900.000000
1381513.000000
1382125.000000
1382736.000000
1383347.000000
1383956.000000
1384566.000000
1385176.000000
1385788.000000
1386399.000000
1387011.000000
1387623.000000
1388233.000000
1388847.000000
1389461.000000
1390074.000000
1390688.000000
1391303.000000
1391914.000000
1392527.000000
1393138.000000
1393747.000000
1394353.000000
1394961.000000
